[4.98855,1000.92,4.98855,1000.92]
[41.8003,861.443,309.487,577.38]
[24.5963,1000.43,525.191,865.226]
[59.0995,1013.24,638.008,683.802]
[2,1020,666.076,1281.66]
[12.8803,980.62,512.564,1041.34]
[12.4143,1018.8,363.342,884.272]
[23.25,1020,439.287,1173.13]
[78.3671,1002.45,677.03,972.198]
[15.8989,1010.83,454.736,924.552]
[42.8833,1020,427.126,1184.03]
[11.2459,1009.89,429.316,1028.99]
[65.0994,1014.59,712.336,747.936]
[10.1073,846.804,379.109,946.252]
[12.8582,790.394,319.173,813.784]
[22.9168,880.243,496.865,716.938]
[20.0955,1012.29,462.767,934.503]
[79.2006,871.417,403.887,740.222]
[55.086,963.777,409.212,965.814]
[51.0725,1016.46,594.942,1003.85]
[19.7091,1000.99,478.778,942.144]
[37.2012,929.372,313.75,646.171]
[35.9866,1020,527.983,1285.2]
[13.3144,978.557,416.388,867.905]
[10.0072,997.328,426.418,1053.56]
[16.4634,840.21,458.012,918.585]
[143.416,974.815,471.638,812.258]
[22.3947,1015.54,437.879,742.617]
[69.7848,988.81,586.412,958.624]
[45.9782,1020,616.057,918.298]
[44.4384,1014.19,613.053,1097.72]
[320.616,1020,888.456,466.194]
[13.6265,969.625,291.93,749.955]
[20.217,1012.24,444.843,971.503]
[25.4596,769.342,334.848,716.31]
[40.6377,1020,642.594,1278.64]
[16.5372,922.67,284.582,1008.29]
[14.6501,1019.94,485.348,1170.09]
[8.78398,910.065,343.929,1057.25]
[6.01383,1008.37,407.562,712.305]
[32.8838,970.117,507.659,740.751]
[28.4156,1007.31,660.556,814.243]
[4.40909,1019.1,564.549,1036.79]
[0.909091,913.404,358.489,789.361]
[21.6275,973.832,424.343,1313.85]
[5.20455,1017.97,301.06,972.836]
[35.6593,1017.66,496.307,1088.43]
[7.42853,1011.26,387.859,843.163]
[10.5423,1014.7,616.644,971.018]
[6.97046,1018.5,522.533,987.317]
[3.05046,891.786,360.607,709.86]
[15.5323,1012.87,368.883,1088.05]
[4.939,1010.44,353.922,1292.39]
[50.7029,857.489,420.409,767.863]
[28.9213,1002.71,308.261,806.917]
[23.1968,976.494,554.714,1027.25]
[124.579,958.282,634.011,692.303]
[41.7024,987.254,688.764,919.39]
[0.568182,1016.73,583.069,1025.28]
[2.65909,1015.12,488.296,1132.08]
[27.9534,1013.75,342.103,861.457]
[17.9793,1001.43,376.997,844.727]
[14.5227,1016,442.783,1104.23]
[19.4143,1007.14,525.467,863.723]
[27.4696,937.753,490.553,980.635]
[26.1943,1016.75,577.855,870.145]
[98.7189,998.581,670.894,634.89]
[26.9324,1016.87,655.214,1141.68]
[26.3085,996.546,488.679,818.463]
[64.7183,1001.83,455.494,1045.87]
[37.3257,1014.48,262.06,972.034]
[14.1155,852.086,388.121,970.833]
[6.5,1020,311.803,1151.62]
[24.5354,998.936,440.398,976.635]
[30.0545,1018.25,558.334,1238.09]
[36.2136,1017.95,432.658,1178.66]
[30.4389,954.612,495.918,1168.97]
[58.1473,1001.25,462.675,884.314]
[0,1020,423.591,1242.29]
[13.6041,937.93,621.409,937.411]
[34.3744,967.252,444.516,943.955]
[39.9057,974.157,480.001,626.424]
[15.0273,1019.89,362.978,523.845]
[48.7574,947.622,485.331,560.139]
[19.6559,1020,519.071,1203.72]
[19.4755,599.943,279.232,608.586]
[3.25,1015.85,261.413,1084.46]
[14.9955,963.424,521.993,777.121]
[46.25,1014.18,368.712,1127.93]
[39.517,978.969,391.586,715.455]
[17.4968,738.644,450.396,936.016]
[71.6234,998.054,386.449,756.518]
[48.1734,1020,483.083,1047.75]
[49.2317,996.455,555.821,1185.2]
[21.1404,899.906,303.011,967.767]
[44.8113,1020,495.457,1073.51]
[16.9174,813.506,577.966,610.626]
[3.78713,1013.74,377.39,1071.67]
[18.2737,993.498,391.597,1092.82]
[92.7538,1020,657.868,909.715]
[119.989,969.209,576.555,955.064]
[53.1125,1019.78,477.512,960.969]
[76.1419,874.312,503.84,769.327]
