[56.3227,1015.31,56.3227,1015.31]
[0.25,1004.65,460.421,1030.56]
[1.5,996.506,347.076,812.93]
[40.5295,1019,400.457,843.051]
[6.43523,963.963,441.774,876.342]
[0,904.317,165.506,782.165]
[9.59773,909.81,339.732,918.731]
[10.8187,968.414,378.967,898.098]
[64.7421,1020,761.309,882.751]
[16.7071,1003.03,542.236,1178.06]
[20.4196,1006.68,553.675,1114.51]
[16.8155,1007.71,553.514,1168.23]
[19.7618,983.202,478.619,963.954]
[2.5,965.516,273.007,1134.14]
[16.1815,932.526,331.962,866.958]
[31.2716,1006.5,433.06,966.593]
[15.2847,775.009,342.242,734.461]
[10.5027,838.249,417.076,904.764]
[21.1084,982.927,494.181,833.642]
[3,1020,580.629,1396.34]
[9.7907,728.602,259.326,800.572]
